2 64 55 37 19 0 -1
16 54 180 20 96 106 42 69 -9 -1
39 26 131 26 77 0 -1
48 67 178 44 26 0 -1
64 68 36 34 72 185 58 55 184 35 33 -140 -1
21 99 49 43 20 21 25 74 94 47 22 -29 -1
16 56 154 29 69 68 46 54 129 34 66 -80 -1
66 90 94 51 89 0 -1
23 51 122 37 63 132 50 97 -44 -1
12 35 186 40 40 150 29 19 -87 -1
52 56 138 46 94 136 55 92 -95 -1
77 41 146 56 35 0 -1
56 42 66 23 80 199 54 13 -160 -1
69 85 84 42 90 102 39 95 -62 -1
2 59 147 43 19 170 35 84 34 29 18 -110 -1
61 15 176 35 64 0 -1
71 12 177 48 64 125 32 53 181 37 67 -62 -1
77 16 112 43 62 0 -1
31 87 6 31 49 51 47 94 -6 -1
6 69 119 53 54 181 29 68 -106 -1
6 68 179 41 16 91 46 76 6 34 58 -71 -1
5 40 26 56 35 64 33 38 71 22 90 -99 -1
59 93 102 26 15 0 -1
69 68 125 29 12 167 43 40 190 25 89 -131 -1
4 61 171 45 39 41 33 61 111 37 80 -19 -1
49 66 142 53 37 124 34 87 -7 -1
69 86 138 21 25 0 -1
32 94 101 39 10 56 41 11 141 52 46 -10 -1
3 58 76 38 58 0 -1
68 73 141 47 41 65 42 19 -52 -1
4 67 141 46 89 0 -1
66 69 38 60 13 0 -1
40 84 181 29 30 120 40 76 -74 -1
70 43 193 59 23 109 53 85 101 59 34 -8 -1
65 64 100 58 52 19 23 89 26 52 93 -20 -1
58 66 117 41 63 98 48 13 112 55 11 -161 -1
65 75 193 55 55 0 -1
18 61 38 24 99 61 55 90 -21 -1
63 89 91 30 48 147 31 41 111 44 18 -47 -1
26 18 161 22 88 166 56 31 25 58 65 -86 -1
75 63 23 37 16 48 34 88 198 38 69 -232 -1
37 37 16 55 97 121 52 40 132 37 22 -143 -1
77 92 22 44 17 148 36 92 172 28 43 -94 -1
69 50 57 56 87 119 31 80 30 35 89 -127 -1
27 22 187 58 82 168 23 74 -52 -1
64 84 89 48 88 0 -1
58 85 75 33 36 0 -1
60 78 20 43 14 0 -1
55 78 120 32 95 70 38 51 -36 -1
18 54 165 52 31 9 22 71 -3 -1
65 32 27 43 62 0 -1
76 26 192 57 21 49 28 15 29 34 19 -61 -1
30 63 31 35 77 65 22 80 -11 -1
61 70 18 56 21 141 37 35 -48 -1
58 99 128 60 21 169 55 86 -71 -1
12 61 30 60 54 0 -1
16 56 28 49 10 131 42 12 -68 -1
28 27 5 41 96 81 54 24 26 43 27 -29 -1
30 63 149 40 29 0 -1
70 78 15 59 82 143 60 76 -13 -1
10 96 97 59 72 168 44 16 -75 -1
2 67 103 23 42 146 55 48 144 23 76 -175 -1
60 92 45 34 54 17 46 96 -14 -1
59 82 91 22 74 0 -1
53 43 88 30 66 134 35 84 143 23 88 -131 -1
73 94 7 50 74 0 -1
61 38 106 36 53 154 50 86 -35 -1
59 82 59 52 26 0 -1
32 97 73 26 91 0 -1
78 46 113 37 31 0 -1
76 76 120 54 86 198 27 47 76 43 95 -7 -1
3 89 120 30 10 194 45 39 -51 -1
40 69 162 34 68 170 51 77 45 59 65 -136 -1
31 71 8 49 27 36 55 47 -24 -1
47 10 165 58 73 0 -1
37 66 182 51 61 32 53 54 8 38 77 -35 -1
58 35 28 33 70 0 -1
8 51 168 46 32 37 56 76 80 51 24 -48 -1
39 90 143 58 97 0 -1
31 31 114 53 71 192 22 86 -113 -1
24 25 11 39 31 0 -1
47 15 195 26 13 189 31 84 67 58 28 -100 -1
73 78 185 54 64 94 22 85 -41 -1
72 68 141 38 42 73 55 93 142 31 24 -142 -1
41 62 157 47 32 169 41 56 13 41 92 -19 -1
45 74 141 49 84 52 53 55 -9 -1
57 77 5 48 99 58 58 89 183 22 32 -123 -1
61 86 136 53 90 168 54 71 11 25 17 -99 -1
33 15 161 29 71 48 54 25 6 57 17 -21 -1
15 58 180 33 55 0 -1
46 16 98 53 44 129 60 83 129 26 66 -256 -1
9 63 152 25 32 0 -1
78 32 75 39 98 107 27 73 -56 -1
55 95 44 26 70 0 -1
30 15 50 21 64 116 47 83 -49 -1
21 43 16 32 96 7 47 78 -2 -1
76 47 64 39 11 130 26 74 16 32 89 -73 -1
67 63 123 30 80 0 -1
35 59 36 31 24 116 58 45 -26 -1
7 18 65 43 93 151 58 78 -78 -1
